98779.1

     -238442
 1.59248e+06
    -42983.6
      108715
      188927
     -143097
     -158191
     -227534
 2.54112e+06
    -70514.8
 4.43153e+06
     11094.4
 1.66026e+06
 1.28218e+06
     -111359
-6.47556e+06
      295100
 1.07462e+06
     -229339
     24907.2
     -616.32
      336689
-2.63536e+06
      270936
-4.04374e+06
      303335
-1.65522e+06
 1.18698e+06
     -141335
      305727
    -93001.8
      241613
    -6683.29
     5675.48
     -157618
      152792
      -11918
    -1323.89
     -162475
      183219
