91043.1

     -253604
  1.5525e+06
    -47390.4
     55782.7
      221792
     -164745
     -234645
     -244585
 3.10617e+06
    -88046.7
 5.34366e+06
     15363.8
     -430916
 1.34177e+06
    -95014.6
-5.88774e+06
      233029
      762086
     -238867
       42177
     52699.5
      342588
 -3.2015e+06
      332022
-4.87856e+06
      372383
      422969
 1.30986e+06
     -176945
      379947
     -116886
      300605
    -6824.53
     5051.14
     -197354
      194852
    -10227.1
    -3526.63
     -206004
      226312
