98779.2

     -238514
 1.59254e+06
    -43080.3
      109277
      189229
     -143258
     -158581
     -227703
 2.54047e+06
    -70298.5
  4.4316e+06
     11058.5
 1.66004e+06
 1.28215e+06
     -112083
-6.47502e+06
      295155
  1.0762e+06
     -228814
     24423.6
    -3216.24
      338226
-2.63579e+06
      271109
-4.04331e+06
      303267
-1.65517e+06
 1.18765e+06
     -141396
      305764
    -93150.5
      241804
    -6696.49
      5789.4
     -157800
      152988
    -11880.8
    -1319.77
     -162617
      183452
