91043.1

     -253312
 1.55217e+06
    -47290.8
     55175.6
      221410
     -164151
     -235692
     -243621
 3.10738e+06
    -88248.1
 5.34411e+06
     15384.6
     -430980
 1.34198e+06
    -93222.8
-5.88857e+06
      233034
      759606
     -240522
     43974.3
     52381.1
      344350
-3.20236e+06
      331602
-4.87951e+06
      372599
      422832
 1.31109e+06
     -176812
      379923
     -116473
      300652
    -6759.44
     5015.58
     -197448
      194920
     -9931.9
    -3772.82
     -205987
      226329
